0.1757
0.1747
0.174
0.1725
0.1706
0.1738
0.1724
0.1713
0.1735
0.1738
0.1751
0.174
0.1738
0.1738
0.1735
0.1738
0.1736
0.174
0.1737
0.1737
0.1731
0.1733
0.1733
0.1724
0.1731
0.1726
0.1723
0.1732
0.1734
0.1728
0.1734
0.1729
0.1737
0.1736
0.1736
0.1727
0.1722
0.1727
0.1721
0.1723
0.1719
0.1717
0.1712
0.1716
0.1719
0.172
0.1713
0.1699
0.1699
0.1701
0.1699
0.171
0.1714
0.1711
0.1714
0.1716
0.1715
0.1711
0.1715
0.1716
0.1708
0.1684
0.169
0.1713
0.1712
0.1697
0.1702
0.1709
0.1717
0.1714
0.1696
0.1685
0.1687
0.1699
0.1694
0.1698
0.1691
0.1687
0.1694
0.1691
0.1674
0.1677
0.1673
0.1661
0.1664
0.1651
0.1646
0.1654
0.165
0.1649
0.1642
0.1622
0.1634
0.1634
0.1635
0.1636
0.1629
0.1633
0.1618
0.1615
0.16
0.1601
0.1604
0.1603
0.1605
0.1608
0.1602
0.1616
0.1616
0.1618
0.161
0.1619
0.1627
0.1624
0.1619
0.1616
0.1606
0.1601
0.1607
0.1621
0.1617
0.1607
0.1595
0.1586
0.1577
0.1574
0.1579
0.1589
0.159
0.1588
0.1585
0.1569
0.1578
0.1582
0.1575
0.1573
0.1587
0.1595
0.1589
0.1598
0.1598
0.1609
0.1617
0.1606
0.1601
0.1587
0.1588
0.1597
0.16
0.1582
0.1573
0.1575
0.1573
0.1572
0.1578
0.1575
0.1579
0.158
0.1587
0.1583
0.1577
0.1579
0.1578
0.1583
0.1572
0.1572
0.1578
0.1574
0.155
0.1555
0.1549
0.155
0.1539
0.1552
0.1553
0.1554
0.1548
0.1552
0.1549
0.1545
0.1546
0.1556
0.1555
0.1552
0.1567
0.1558
0.1559
0.1552
0.1553
0.1546
0.1543
0.155
0.1546
0.1543
0.1547
0.1546
0.1543
0.1544
0.154
0.1533
0.1532
0.1538
0.1537
0.1536
0.1533
0.1524
0.1528
0.1524
0.1525
0.1529
0.1528
0.1528
0.1527
0.1534
0.1536
0.1529
0.1526
0.1529
0.1522
0.1521
0.1522
0.1527
0.1522
0.1523
0.1518
0.154
0.1529
0.1519
0.1514
0.151
0.1517
0.1517
0.1526
0.1527
0.1527
0.1522
0.1528
0.1516
0.1508
0.1502
0.1506
0.1507
0.1494
0.1501
0.1506
0.1511
0.1502
0.1504
0.1503
0.1499
0.1502
0.15
0.1496
0.1502
0.1505
0.1495
0.1483
0.1488
0.15
0.1493
0.1497
0.1497
0.1492
0.1493
0.1496
0.1499
0.1502
0.1504
0.1515
0.1515
0.1507
0.1504
0.1505
0.1497
0.1492
0.1493
0.1492
0.1507
0.15
0.1499
0.1501
0.1511
0.1502
0.1512
0.1516
0.1511
0.1506
0.1499
0.15
0.1505
0.1506
0.1492
0.1512
0.1538
0.1536
0.154
0.1544
0.1551
0.1587
0.1627
0.1612
0.1601
0.159
0.1602
0.1587
0.1559
0.157
0.1569
0.1577
0.1574
0.1621
0.1616
0.1624
0.1652
0.1637
0.1671
0.1662
0.1685
0.1707
0.1719
0.1672
0.1667
0.1695
0.1692
0.1677
0.1702
0.1751
0.1781
0.1751
0.1779
0.1778
0.1783
0.1772
0.1793
0.1861
0.1843
0.183
0.1806
0.1846
0.186
0.1862
0.1877
0.1871
0.1875
0.1851
0.1853
0.1874
0.1936
0.1981
0.1958
0.1959
0.1964
0.2071
0.2084
0.2174
0.1987
0.2001
0.1981
0.194
0.193
0.19
0.191
0.1928
0.1935
0.1916
0.1896
0.193
0.1945
0.1957
0.1973
0.1968
0.1906
0.1936
0.1928
0.1951
0.193
0.1905
0.1872
0.184
0.1831
0.1837
0.1856
0.1874
0.188
0.189
0.192
0.1918
0.196
0.1924
0.1917
0.192
0.1917
0.1922
0.1911
0.1929
0.1945
0.194
0.1941
0.1919
0.1866
0.1886
0.1865
0.1881
0.1882
0.188
0.1877
0.1875
0.1885
0.1875
0.1913
0.1938
0.1898
0.1917
0.1897
0.1902
0.1875
0.1883
0.1876
0.1886
0.1898
0.1885
0.1898
0.1929
0.1922
0.1942
0.1936
0.1933
0.1946
0.1917
0.1893
0.1894
0.1871
0.1882
0.1874
0.1869
0.1838
0.185
0.1848
0.1847
0.1843
0.1842
0.1835
0.1793
0.1797
0.1813
0.1791
0.1802
0.1806
0.1817
0.1811
0.1799
0.1806
0.1806
0.1801
0.1801
0.179
0.1816
0.1803
0.18
0.1791
0.1757
0.1756
0.1748
0.1763
0.177
0.1768
0.1767
0.1793
0.1804
0.1822
0.1808
0.1808
0.1793
0.1794
0.1792
0.1799
0.1807
0.1811
0.1843
0.1844
0.183
0.1817
0.1818
0.183
0.1844
0.1841
0.1851
0.1852
0.1838
0.1836
0.1836
0.1838
0.1839
0.1834
0.184
0.1842
0.1803
0.1804
0.1805
0.1801
