0.0608
0.06063
0.06071
0.06086
0.06076
0.0609
0.06086
0.06091
0.06091
0.06092
0.06099
0.06165
0.06152
0.06162
0.0616
0.06134
0.06139
0.06143
0.06137
0.061
0.06091
0.06089
0.06056
0.06056
0.06056
0.0606
0.06057
0.06071
0.06067
0.06064
0.06066
0.06071
0.06069
0.06067
0.06082
0.06097
0.06114
0.06117
0.061
0.06099
0.06095
0.06092
0.061
0.06057
0.05995
0.06019
0.06052
0.06048
0.06027
0.06032
0.0605
0.06064
0.06051
0.06055
0.06042
0.06048
0.06057
0.06041
0.06024
0.06022
0.06022
0.06009
0.0602
0.06028
0.06039
0.06046
0.06029
0.06043
0.06031
0.06047
0.06061
0.06075
0.06068
0.06056
0.06065
0.06078
0.06075
0.06091
0.06103
0.06102
0.06109
0.0611
0.06129
0.06067
0.06113
0.06105
0.06148
0.06131
0.06149
0.06207
0.06272
0.06261
0.06223
0.06262
0.06258
0.06225
0.06255
0.06244
0.06245
0.06197
0.06207
0.06193
0.06237
0.06226
0.06231
0.06196
0.06106
0.06099
0.06132
0.06141
0.0614
0.06129
0.06121
0.06123
0.06014
0.0602
0.0604
0.06054
0.06057
0.06095
0.06084
0.0609
0.06121
0.06129
0.06117
0.0611
0.06109
0.06076
0.0607
0.06082
0.06082
0.06072
0.06042
0.06048
0.06058
0.0607
0.06093
0.06082
0.06084
0.06078
0.0608
0.06087
0.06084
0.06074
0.0606
0.06056
0.06061
0.06029
0.06028
0.0605
0.06009
0.05999
0.06001
0.05984
0.05993
0.05996
0.06031
0.06036
0.06038
0.06026
0.06032
0.06029
0.06031
0.06032
0.06052
0.06057
0.06054
0.06076
0.06073
0.06075
0.06057
0.06062
0.06053
0.06042
0.06055
0.06051
0.0605
0.06053
0.06054
0.06053
0.06053
0.06049
0.06042
0.0603
0.06042
0.0604
0.06044
0.06034
0.06013
0.06022
0.06017
0.06032
0.06033
0.06031
0.06019
0.06022
0.06037
0.06035
0.06028
0.06028
0.06034
0.06042
0.0604
0.06053
0.06053
0.06052
0.06047
0.06047
0.06038
0.06033
0.05996
0.06007
0.06006
0.06017
0.06035
0.06054
0.06055
0.06056
0.06047
0.06071
0.06052
0.06035
0.06051
0.06068
0.06047
0.06034
0.0605
0.06066
0.06077
0.06065
0.06072
0.06073
0.06066
0.06067
0.06075
0.06057
0.06072
0.06068
0.06041
0.06015
0.06029
0.06038
0.06025
0.06039
0.06031
0.06031
0.0603
0.06033
0.06038
0.06026
0.06021
0.06044
0.06068
0.06072
0.06066
0.06083
0.06073
0.06062
0.06056
0.06048
0.06064
0.06042
0.06039
0.06034
0.06047
0.06031
0.0603
0.0604
0.06026
0.06042
0.06031
0.06032
0.06046
0.06064
0.06048
0.06106
0.06211
0.06227
0.06202
0.06228
0.06257
0.06353
0.0651
0.06401
0.06422
0.06442
0.06456
0.06458
0.06414
0.06406
0.06389
0.06436
0.06429
0.06568
0.06544
0.06597
0.066
0.0662
0.06635
0.06712
0.06866
0.07127
0.07086
0.06822
0.06822
0.06853
0.06862
0.06794
0.06889
0.06958
0.0705
0.0696
0.06995
0.07038
0.07062
0.07114
0.07126
0.07315
0.07214
0.07232
0.07086
0.07187
0.07191
0.07214
0.07154
0.07246
0.07221
0.07217
0.07276
0.07479
0.07848
0.08052
0.0783
0.07838
0.07817
0.08011
0.08183
0.0842
0.07856
0.0793
0.07955
0.07821
0.07741
0.0767
0.07681
0.07817
0.07795
0.07705
0.07707
0.07814
0.07946
0.07922
0.07984
0.08068
0.07834
0.07849
0.07854
0.08023
0.07927
0.07841
0.07774
0.07644
0.07635
0.07653
0.07715
0.07756
0.0779
0.07875
0.07916
0.0789
0.0801
0.07919
0.0789
0.07924
0.07913
0.07921
0.07904
0.07936
0.07988
0.07966
0.08005
0.07933
0.07763
0.07844
0.07804
0.07889
0.07875
0.07852
0.07835
0.07779
0.07817
0.07788
0.0791
0.07982
0.07787
0.07874
0.0782
0.07823
0.07623
0.07657
0.07638
0.07667
0.0774
0.07685
0.07731
0.07844
0.07805
0.07889
0.07879
0.07882
0.07953
0.07866
0.07788
0.07791
0.07739
0.07778
0.07736
0.07728
0.07568
0.07629
0.07643
0.07629
0.07611
0.07602
0.07542
0.07345
0.07398
0.07427
0.07332
0.07396
0.07399
0.07449
0.07434
0.07402
0.07446
0.07429
0.0742
0.07403
0.07368
0.07458
0.07408
0.0741
0.07371
0.07243
0.07256
0.07243
0.07293
0.07313
0.07291
0.07319
0.07408
0.07414
0.07532
0.07427
0.07471
0.07453
0.07443
0.07425
0.07462
0.07467
0.07475
0.07655
0.07628
0.07583
0.07583
0.07526
0.0756
0.07625
0.07613
0.07667
0.0766
0.07619
0.07611
0.07618
0.0762
0.07645
0.07654
0.0765
0.07641
0.07544
0.07536
0.07525
0.07539
0.07581
0.07518
0.07486
0.07427
0.0748
0.07474
0.07452
0.0748
0.07559
0.07409
0.07374
0.0735
0.07281
0.07303
0.07317
0.07288
0.07317
