64.74
64.58
64.59
64.65
64.74
64.73
64.78
64.96
65.41
65.26
65.35
66.19
66.09
66.08
66.09
65.87
65.9
65.98
65.94
65.68
65.76
65.77
65.65
65.66
65.76
65.74
65.77
66.12
66.06
66.03
66.14
66.09
66.19
66.08
66.26
66.66
67.0
66.91
66.78
66.81
66.81
66.82
66.88
66.45
65.98
66.21
66.55
66.48
66.34
66.24
66.52
66.61
66.56
66.53
66.22
66.46
66.67
66.34
65.97
65.88
65.71
65.52
65.77
65.64
65.97
66.16
66.05
65.99
65.78
65.68
65.85
65.85
65.87
65.87
65.64
65.68
65.59
65.79
65.74
65.8
66.02
65.69
65.81
65.12
64.88
64.89
65.1
65.18
65.5
65.84
66.19
66.16
66.05
66.12
66.19
66.2
66.2
66.09
66.13
65.88
66.04
66.0
66.47
66.5
66.51
66.28
65.95
65.34
65.59
65.61
65.84
65.81
65.7
65.83
65.45
65.47
65.55
65.54
65.58
65.89
66.13
66.0
66.33
66.38
66.27
66.08
65.98
65.62
65.55
65.9
66.01
66.19
65.56
65.53
65.68
65.88
66.05
66.07
66.06
66.09
66.09
65.91
65.93
65.87
65.62
65.69
65.73
65.4
65.4
65.62
65.3
65.2
65.27
65.2
65.05
64.95
65.28
65.18
65.06
64.78
64.8
64.93
64.96
64.96
65.14
65.1
65.16
65.37
65.16
65.25
65.09
65.17
65.0
64.87
65.0
65.06
65.02
65.16
65.29
65.19
65.25
65.22
65.39
65.29
65.29
65.27
65.35
65.31
65.12
65.23
65.19
65.31
65.32
65.22
65.13
65.14
65.22
65.21
65.09
65.04
65.06
65.0
65.09
65.16
65.3
65.29
65.06
64.98
65.0
64.83
64.24
64.34
64.42
64.4
64.79
65.14
65.14
65.17
65.03
65.35
65.24
64.82
64.91
65.32
65.24
65.0
65.18
65.51
65.61
65.55
65.53
65.54
65.43
65.57
65.55
65.37
65.58
65.61
65.25
64.97
65.19
65.47
65.38
65.63
65.69
65.75
65.55
65.47
65.89
65.82
65.75
66.27
66.64
66.53
66.4
66.71
66.65
66.39
66.49
66.45
66.54
66.41
66.3
66.28
66.43
66.3
66.23
66.44
66.32
66.68
66.57
66.64
66.77
67.34
67.23
69.3
70.16
69.88
69.97
70.42
70.45
71.62
74.16
73.17
73.09
72.77
73.04
72.57
72.29
72.62
72.7
73.44
73.64
74.75
74.57
74.72
74.61
74.47
74.1
74.1
74.78
75.15
74.94
74.38
74.74
74.99
74.92
74.66
75.0
75.51
76.13
76.29
76.18
76.5
77.3
77.12
77.34
79.72
78.36
78.17
77.18
77.72
77.93
78.71
78.17
78.41
78.58
78.36
77.86
78.64
80.19
80.67
80.15
80.29
80.1
81.78
82.73
84.76
80.54
80.68
80.86
80.47
80.29
79.35
79.69
80.17
80.43
79.67
79.5
80.44
80.46
80.63
80.68
80.62
79.24
79.93
80.09
82.29
81.94
80.98
79.97
79.04
78.76
78.71
78.92
79.55
79.69
79.93
80.78
80.76
81.45
81.19
81.41
81.48
81.24
81.38
81.3
81.32
81.62
81.83
81.66
81.73
80.33
80.92
80.16
80.62
80.69
80.95
80.62
80.5
81.13
81.18
82.14
82.48
81.44
82.35
82.66
82.35
81.82
82.23
82.77
82.76
83.58
83.55
84.84
87.22
86.17
86.54
87.14
86.92
87.43
86.47
86.0
86.04
85.54
85.44
84.59
84.53
83.21
84.14
84.27
84.16
84.13
84.38
83.9
82.82
83.27
83.26
82.75
82.82
83.14
83.38
83.21
82.86
83.21
82.96
83.06
82.93
82.43
83.59
83.14
83.23
82.86
81.98
82.35
82.37
83.23
83.12
83.1
83.2
84.33
85.54
87.59
86.32
87.05
86.81
86.75
86.73
87.58
86.92
87.35
89.88
89.68
89.44
89.29
89.73
91.03
91.72
92.01
93.52
92.89
93.05
93.96
93.61
93.37
93.75
93.69
93.67
92.63
91.48
91.76
91.75
92.1
92.38
91.39
91.14
91.04
91.2
90.9
90.07
90.41
91.49
90.77
90.77
90.41
89.05
89.24
89.68
89.27
89.5
